% function evaluation | noise-free fitness - Fopt (-1.694000000000e+01) | best noise-free fitness - Fopt | measured fitness | best measured fitness | x1 | x2...
1 +2.005951611e+01 +2.005951611e+01 +3.119516113e+00 +3.119516113e+00 +1.3929e+00 +5.7863e-01 +4.1558e-01 +2.8417e-01 +1.2756e+00 +2.2619e-01 +6.7678e-01 +1.0024e+00 +2.1387e-01 +3.2624e-01 +1.4918e+00 +1.0285e-01 +1.2043e+00 +2.0322e-01 +1.2635e+00 +6.4260e-01 +1.8331e+00 +1.2186e+00 +5.4908e-01 +5.9568e-01
63 +1.478082618e+01 +1.478082618e+01 -2.159173820e+00 -2.159173820e+00 +1.5575e+00 +4.8412e-01 +1.4483e+00 +2.3366e-01 +1.9230e+00 +1.1333e+00 +8.2699e-01 +6.4261e-01 +1.8543e-01 +5.8782e-01 +1.9566e+00 +1.8432e+00 +4.1820e-01 +3.9710e-02 +1.8511e+00 +4.6868e-02 +8.4439e-01 +1.6072e+00 +1.0140e+00 +1.4892e+00
% function evaluation | noise-free fitness - Fopt (1.881000000000e+01) | best noise-free fitness - Fopt | measured fitness | best measured fitness | x1 | x2...
1 +1.709311614e+01 +1.709311614e+01 +3.590311614e+01 +3.590311614e+01 +4.0156e-01 +1.2398e+00 +1.5879e+00 +9.2497e-01 +1.6692e+00 +7.8842e-01 +1.3979e+00 +1.4963e+00 +1.5179e+00 +1.4880e+00 +1.1110e+00 +8.1671e-01 +1.3334e+00 +1.7317e+00 +1.7395e+00 +3.6670e-01 +1.3328e+00 +1.4728e+00 +6.3097e-01 +6.3225e-01
3 +1.287038406e+01 +1.287038406e+01 +3.168038406e+01 +3.168038406e+01 +1.8481e+00 +1.1029e-01 +1.4637e+00 +1.1589e+00 +9.2488e-01 +8.3015e-01 +1.7060e-02 +1.2862e+00 +6.7842e-01 +5.0382e-01 +2.1915e-01 +1.8796e-01 +1.5773e+00 +9.8012e-01 +9.1441e-01 +1.8523e+00 +1.8097e+00 +5.9036e-01 +7.6155e-01 +1.3419e+00
117 +9.342610821e+00 +9.342610821e+00 +2.815261082e+01 +2.815261082e+01 +1.0404e+00 +8.4656e-02 +7.2719e-01 +4.4324e-01 +8.3082e-01 +1.3623e+00 +1.3303e+00 +4.8094e-02 +1.2851e+00 +1.2927e+00 +7.5747e-01 +1.8806e+00 +1.1143e+00 +1.4258e+00 +9.1147e-01 +1.2536e-01 +2.4038e-01 +1.9072e-02 +1.4359e+00 +1.2970e-01
% function evaluation | noise-free fitness - Fopt (2.731500000000e+02) | best noise-free fitness - Fopt | measured fitness | best measured fitness | x1 | x2...
1 +7.816111693e+01 +7.816111693e+01 +3.513111169e+02 +3.513111169e+02 +1.0328e+00 +9.4922e-02 +1.3751e+00 +1.6609e+00 +1.4105e+00 +8.2398e-01 +1.5092e+00 +1.9579e+00 +1.1756e+00 +7.6139e-01 +1.2205e+00 +4.9989e-01 +1.7697e+00 +1.5597e+00 +5.1207e-02 +8.5252e-01 +1.7152e+00 +5.3665e-01 +1.3486e+00 +2.4292e-01
2 +6.171667085e+01 +6.171667085e+01 +3.348666709e+02 +3.348666709e+02 +1.5650e+00 +1.6645e+00 +4.2515e-01 +9.2280e-01 +1.3819e+00 +5.2495e-01 +1.8767e+00 +4.6900e-01 +1.0488e+00 +4.8817e-01 +7.5613e-01 +9.5392e-01 +6.3117e-01 +1.0180e+00 +6.8555e-01 +4.5373e-02 +1.4598e+00 +1.8113e+00 +1.5622e+00 +1.1963e+00
% function evaluation | noise-free fitness - Fopt (3.718000000000e+01) | best noise-free fitness - Fopt | measured fitness | best measured fitness | x1 | x2...
1 +1.495632305e+01 +1.495632305e+01 +5.213632305e+01 +5.213632305e+01 +1.2651e+00 +1.0202e+00 +1.3725e+00 +1.6067e+00 +1.7262e+00 +9.3252e-01 +3.5504e-01 +6.6117e-01 +7.3719e-01 +9.6264e-01 +1.9514e+00 +1.3106e+00 +1.5656e+00 +1.1088e+00 +7.4846e-01 +2.5381e-01 +1.7678e-02 +5.6740e-02 +1.0886e-01 +1.6168e+00
118 +9.789385648e+00 +9.789385648e+00 +4.696938565e+01 +4.696938565e+01 +1.0030e+00 +1.9208e+00 +4.1850e-01 +1.3027e+00 +1.5087e+00 +7.5047e-02 +3.6438e-01 +1.1718e+00 +5.1656e-01 +5.6773e-01 +5.8081e-02 +1.9464e-01 +1.9627e+00 +1.6852e+00 +1.1649e+00 +1.3837e+00 +1.0147e+00 +3.3472e-01 +2.9900e-01 +3.3301e-01
% function evaluation | noise-free fitness - Fopt (-1.479000000000e+02) | best noise-free fitness - Fopt | measured fitness | best measured fitness | x1 | x2...
1 +1.945142634e+01 +1.945142634e+01 -1.284485737e+02 -1.284485737e+02 +2.8042e-01 +5.8694e-02 +5.8102e-01 +1.8312e+00 +1.8212e+00 +9.2424e-01 +1.8905e+00 +1.8499e+00 +3.0230e-01 +3.6834e-01 +8.8591e-01 +9.7715e-01 +1.8200e+00 +1.5548e+00 +3.0482e-01 +1.2964e+00 +1.2447e+00 +1.9484e+00 +1.0737e+00 +8.7434e-01
10 +1.459249364e+01 +1.459249364e+01 -1.333075064e+02 -1.333075064e+02 +1.0246e+00 +1.3030e-01 +1.5555e+00 +8.7948e-01 +1.5061e-01 +7.6243e-01 +5.0229e-01 +1.7256e+00 +3.3416e-02 +1.5333e+00 +1.5092e-01 +2.5637e-02 +3.7763e-01 +1.4980e+00 +1.4740e-02 +3.1935e-01 +1.3268e+00 +8.5031e-01 +6.5861e-01 +1.1776e+00
% function evaluation | noise-free fitness - Fopt (1.162600000000e+02) | best noise-free fitness - Fopt | measured fitness | best measured fitness | x1 | x2...
1 +2.246683717e+01 +2.246683717e+01 +1.387268372e+02 +1.387268372e+02 +7.3461e-01 +2.5189e-01 +4.0648e-01 +1.7511e+00 +2.0000e+00 +1.6152e+00 +1.8730e+00 +5.4704e-01 +6.4327e-01 +1.0897e+00 +1.4678e-01 +8.9959e-01 +3.3197e-01 +1.9853e+00 +1.7934e+00 +1.2588e+00 +6.7883e-01 +1.6633e+00 +3.9645e-01 +2.1040e-01
% function evaluation | noise-free fitness - Fopt (-1.000000000000e+03) | best noise-free fitness - Fopt | measured fitness | best measured fitness | x1 | x2...
1 +1.571647665e+01 +1.571647665e+01 -9.842835234e+02 -9.842835234e+02 +1.7106e+00 +1.3304e+00 +1.7341e+00 +1.9016e+00 +9.7394e-01 +2.6589e-01 +1.7556e+00 +1.7082e+00 +1.0773e-01 +1.4262e+00 +1.3327e+00 +1.8862e+00 +4.7400e-01 +8.6616e-01 +1.1688e+00 +1.3105e+00 +5.0454e-01 +1.4700e+00 +1.8574e+00 +6.2371e-01
45 +9.824858137e+00 +9.824858137e+00 -9.901751419e+02 -9.901751419e+02 +1.9136e+00 +1.0203e+00 +1.2994e+00 +3.0379e-01 +1.2089e+00 +1.3770e+00 +1.5201e+00 +9.0608e-01 +3.8280e-01 +1.2400e+00 +8.3646e-01 +5.2256e-01 +9.0890e-02 +1.4815e+00 +7.6724e-01 +1.0124e+00 +1.7634e+00 +1.0672e+00 +1.2834e+00 +1.4302e+00
% function evaluation | noise-free fitness - Fopt (-9.193000000000e+01) | best noise-free fitness - Fopt | measured fitness | best measured fitness | x1 | x2...
1 +2.298614556e+01 +2.298614556e+01 -6.894385444e+01 -6.894385444e+01 +9.3876e-01 +8.5284e-02 +1.4455e+00 +2.3146e-02 +1.0009e+00 +1.9810e+00 +2.2096e-01 +8.5430e-01 +8.3532e-01 +1.0754e+00 +1.0582e+00 +1.4903e+00 +1.4373e+00 +2.3095e-01 +1.2610e+00 +1.9541e+00 +8.6737e-01 +1.2615e+00 +1.1767e+00 +1.5075e+00
% function evaluation | noise-free fitness - Fopt (1.487500000000e+02) | best noise-free fitness - Fopt | measured fitness | best measured fitness | x1 | x2...
1 +2.946325095e+01 +2.946325095e+01 +1.782132509e+02 +1.782132509e+02 +1.1986e+00 +4.7133e-01 +1.2805e+00 +1.0879e+00 +1.9114e+00 +6.4137e-01 +1.0490e+00 +8.7938e-01 +1.4907e+00 +1.8054e+00 +3.3211e-01 +6.3825e-01 +9.6765e-01 +6.0799e-01 +1.7809e+00 +1.6417e+00 +1.1698e+00 +1.7314e-01 +1.4727e-02 +1.6874e+00
3 +2.293941054e+01 +2.293941054e+01 +1.716894105e+02 +1.716894105e+02 +1.7981e+00 +9.2250e-03 +7.2879e-01 +1.3433e-01 +1.2265e+00 +1.7479e+00 +5.4465e-01 +4.4940e-01 +1.5757e-01 +5.9830e-01 +2.1792e-01 +2.4604e-01 +1.7889e+00 +1.7637e+00 +8.8432e-01 +1.0125e+00 +1.4841e+00 +1.7037e+00 +6.8200e-01 +1.2439e+00
16 +1.342691788e+01 +1.342691788e+01 +1.621769179e+02 +1.621769179e+02 +1.2614e+00 +5.8478e-01 +8.0846e-02 +1.8317e+00 +4.5436e-01 +6.6479e-01 +5.1037e-02 +4.6048e-02 +5.6266e-01 +1.2487e+00 +1.5595e+00 +3.1504e-01 +6.4528e-01 +1.3329e+00 +8.0466e-01 +6.9927e-01 +7.3575e-01 +1.7349e+00 +1.9008e+00 +6.0764e-01
34 +8.801976480e+00 +8.801976480e+00 +1.575519765e+02 +1.575519765e+02 +1.1160e+00 +1.6966e+00 +1.2641e+00 +1.8564e+00 +3.6151e-01 +1.9565e+00 +8.1606e-01 +1.2496e+00 +4.5967e-01 +3.9547e-01 +1.6206e+00 +4.5681e-01 +1.2826e+00 +1.1423e+00 +7.2803e-02 +1.8640e+00 +1.7413e+00 +8.1200e-01 +9.2218e-01 +7.6580e-01
% function evaluation | noise-free fitness - Fopt (-1.483000000000e+02) | best noise-free fitness - Fopt | measured fitness | best measured fitness | x1 | x2...
1 +1.812341866e+01 +1.812341866e+01 -1.301765813e+02 -1.301765813e+02 +7.8621e-01 +6.7557e-01 +1.0498e-02 +8.7306e-01 +1.3722e+00 +1.5916e+00 +1.2723e+00 +4.5756e-01 +1.0437e-01 +1.9097e-01 +2.2964e-01 +1.0117e+00 +5.6349e-01 +1.1185e+00 +1.2772e+00 +1.1546e+00 +1.6994e-01 +1.8884e+00 +1.7771e+00 +1.0752e+00
5 +1.216422332e+01 +1.216422332e+01 -1.361357767e+02 -1.361357767e+02 +1.3189e+00 +1.5930e+00 +6.6644e-01 +1.4038e+00 +9.4984e-02 +1.1831e+00 +7.4022e-02 +1.1258e+00 +1.3174e+00 +9.2204e-01 +1.3613e+00 +4.2249e-01 +6.0821e-01 +1.7061e-01 +7.3328e-01 +2.1405e-01 +6.3764e-01 +8.3164e-01 +1.6642e+00 +3.6537e-01
25 +9.069957912e+00 +9.069957912e+00 -1.392300421e+02 -1.392300421e+02 +1.5454e+00 +4.3108e-01 +1.3882e+00 +1.8106e+00 +1.5128e+00 +1.2325e-01 +1.7496e-01 +5.7542e-03 +1.5774e+00 +1.6247e+00 +1.2742e+00 +9.3407e-01 +1.7390e+00 +9.6151e-01 +2.5085e-01 +8.5145e-02 +1.4519e+00 +1.9246e+00 +1.0552e+00 +2.2108e-01
% function evaluation | noise-free fitness - Fopt (1.702000000000e+01) | best noise-free fitness - Fopt | measured fitness | best measured fitness | x1 | x2...
1 +3.069612457e+01 +3.069612457e+01 +4.771612457e+01 +4.771612457e+01 +1.2933e+00 +6.0477e-01 +3.2777e-01 +4.5449e-01 +1.3976e+00 +1.9313e+00 +1.3026e+00 +7.9941e-01 +1.9755e+00 +1.0908e+00 +3.7273e-01 +1.5291e+00 +1.8099e-01 +1.0565e+00 +1.0242e+00 +1.9350e+00 +3.2291e-01 +7.5540e-01 +1.0383e+00 +1.2280e+00
3 +2.501188866e+01 +2.501188866e+01 +4.203188866e+01 +4.203188866e+01 +8.6426e-01 +2.1614e-01 +2.8421e-01 +1.0608e+00 +1.0897e+00 +1.8616e+00 +1.6782e+00 +1.2857e-01 +1.4045e+00 +7.9574e-02 +9.2284e-01 +7.9998e-01 +1.5980e+00 +6.7465e-01 +2.4200e-01 +1.1538e+00 +7.8232e-03 +1.8519e+00 +1.0275e+00 +1.5229e+00
13 +1.544470313e+01 +1.544470313e+01 +3.246470313e+01 +3.246470313e+01 +1.9452e+00 +1.3373e+00 +1.9424e+00 +9.6824e-01 +1.3853e+00 +9.0536e-01 +7.8572e-01 +8.5107e-01 +7.7736e-01 +7.1287e-01 +1.3326e+00 +1.6386e+00 +5.8714e-01 +7.9994e-01 +8.2758e-01 +1.4559e+00 +1.4576e+00 +3.9062e-01 +1.1491e+00 +1.9213e+00
% function evaluation | noise-free fitness - Fopt (-2.202000000000e+02) | best noise-free fitness - Fopt | measured fitness | best measured fitness | x1 | x2...
1 +1.247140642e+01 +1.247140642e+01 -2.077285936e+02 -2.077285936e+02 +9.0182e-01 +9.4301e-01 +1.1958e+00 +1.9659e+00 +1.7813e+00 +1.8850e+00 +9.5466e-01 +1.6929e+00 +5.4973e-01 +1.8417e+00 +2.6334e-01 +1.6101e+00 +8.0842e-01 +1.9826e+00 +2.5250e-01 +3.4737e-01 +1.1176e+00 +6.4992e-01 +2.2687e-01 +1.5047e+00
92 +9.987910899e+00 +9.987910899e+00 -2.102120891e+02 -2.102120891e+02 +6.2328e-01 +1.8384e+00 +1.6309e-01 +1.6783e+00 +1.3140e+00 +3.9780e-01 +9.8948e-01 +1.7044e+00 +1.0926e+00 +1.4798e+00 +1.3135e+00 +9.0781e-01 +9.1491e-01 +1.7337e+00 +9.2267e-01 +8.2956e-01 +1.9061e+00 +1.2379e+00 +2.8657e-01 +9.3012e-01
% function evaluation | noise-free fitness - Fopt (-2.041000000000e+01) | best noise-free fitness - Fopt | measured fitness | best measured fitness | x1 | x2...
1 +1.441676608e+01 +1.441676608e+01 -5.993233916e+00 -5.993233916e+00 +1.6884e+00 +1.9137e+00 +1.8953e+00 +7.4694e-01 +1.7233e+00 +7.1251e-01 +3.6442e-01 +1.6138e+00 +1.2017e+00 +1.4911e+00 +1.1349e+00 +6.7373e-01 +1.9929e+00 +1.3214e+00 +1.3198e+00 +1.3826e+00 +2.3138e-01 +1.1940e+00 +5.8906e-02 +1.1112e+00
% function evaluation | noise-free fitness - Fopt (6.081000000000e+01) | best noise-free fitness - Fopt | measured fitness | best measured fitness | x1 | x2...
1 +1.716186417e+01 +1.716186417e+01 +7.797186417e+01 +7.797186417e+01 +1.1626e+00 +9.5245e-01 +1.2952e+00 +1.7556e+00 +5.6551e-01 +3.1249e-01 +1.7880e+00 +4.3261e-01 +1.0008e+00 +2.5382e-01 +1.4690e+00 +1.7680e+00 +1.3968e-01 +1.3850e-01 +7.6159e-01 +7.7555e-01 +1.6350e+00 +1.3082e+00 +4.7364e-01 +1.6794e+00
5 +1.472182538e+01 +1.472182538e+01 +7.553182538e+01 +7.553182538e+01 +1.9194e+00 +4.6007e-01 +9.8605e-01 +1.1755e+00 +5.1939e-01 +1.9546e-01 +1.6108e+00 +9.4319e-01 +4.4252e-01 +7.8718e-01 +1.7228e+00 +1.9081e+00 +1.9499e+00 +1.5083e+00 +9.6102e-03 +1.7081e+00 +1.4012e+00 +8.7070e-01 +1.9587e+00 +1.1089e+00
121 +9.886327993e+00 +9.886327993e+00 +7.069632799e+01 +7.069632799e+01 +1.2805e+00 +1.0943e+00 +1.2088e+00 +1.1687e+00 +7.0512e-01 +1.3988e+00 +9.2841e-01 +1.2037e+00 +7.3200e-01 +1.2527e+00 +1.9774e+00 +1.9303e-01 +1.7198e+00 +1.1443e+00 +4.6047e-01 +1.5990e-01 +1.4217e+00 +1.9987e-01 +1.3182e+00 +3.2375e-01
% function evaluation | noise-free fitness - Fopt (-6.176300000000e+02) | best noise-free fitness - Fopt | measured fitness | best measured fitness | x1 | x2...
1 +5.255401902e+01 +5.255401902e+01 -5.650759810e+02 -5.650759810e+02 +1.3972e-01 +1.2931e+00 +1.4134e+00 +1.5050e+00 +1.6312e+00 +1.4051e+00 +8.2741e-01 +2.4113e-01 +3.1749e-01 +1.1541e-02 +9.4004e-01 +8.8372e-01 +5.5320e-01 +2.0374e-01 +1.3585e+00 +2.2517e-01 +1.3282e+00 +7.9209e-01 +1.4769e+00 +1.1124e+00
10 +3.087216958e+01 +3.087216958e+01 -5.867578304e+02 -5.867578304e+02 +8.0123e-01 +2.4063e-01 +2.9726e-01 +7.9707e-02 +4.7477e-01 +1.3133e+00 +1.6819e+00 +1.1902e+00 +1.1883e+00 +1.2232e+00 +1.1360e-01 +1.1420e+00 +1.2374e+00 +8.5549e-01 +1.6476e-01 +1.9273e+00 +8.4757e-01 +5.5419e-01 +1.5652e+00 +7.3275e-01
