% function evaluation | noise-free fitness - Fopt (-5.465000000000e+02) | best noise-free fitness - Fopt | measured fitness | best measured fitness | x1 | x2...
1 +2.776715070e+04 +2.776715070e+04 +2.722065070e+04 +2.722065070e+04 +5.6886e-01 +2.2202e-01 +1.2515e+00 +9.0773e-01 +1.2153e+00 +3.9428e-01 +1.3305e+00 +8.2502e-01 +1.7845e+00 +1.3031e+00
4 +1.676620242e+04 +1.676620242e+04 +1.621970242e+04 +1.621970242e+04 +1.6384e+00 +1.9972e+00 +3.5544e-01 +1.9169e+00 +1.2846e+00 +4.8353e-01 +4.4327e-01 +1.8759e+00 +1.5227e+00 +1.3174e+00
12 +1.474087247e+04 +1.474087247e+04 +1.419437247e+04 +1.419437247e+04 +1.8965e+00 +7.7188e-01 +1.3000e+00 +3.0490e-01 +1.8014e+00 +1.2399e+00 +2.0235e-01 +7.7603e-01 +1.1186e+00 +1.2028e+00
18 +9.311778784e+03 +9.311778784e+03 +8.765278784e+03 +8.765278784e+03 +4.8249e-01 +9.8907e-01 +1.8087e+00 +1.5280e+00 +1.5777e+00 +1.7602e-01 +1.2177e+00 +1.7045e+00 +4.8318e-01 +1.9000e+00
52 +3.681811327e+03 +3.681811327e+03 +3.135311327e+03 +3.135311327e+03 +5.9758e-01 +1.7580e+00 +7.9889e-01 +1.3752e+00 +1.0418e-01 +2.9760e-01 +1.3131e-01 +9.7051e-01 +6.8133e-02 +1.0720e+00
% function evaluation | noise-free fitness - Fopt (1.000000000000e+03) | best noise-free fitness - Fopt | measured fitness | best measured fitness | x1 | x2...
1 +4.415257844e+04 +4.415257844e+04 +4.515257844e+04 +4.515257844e+04 +1.9373e+00 +8.7996e-01 +8.8968e-01 +7.9314e-01 +1.8654e+00 +1.6619e+00 +1.4254e+00 +1.6375e-02 +5.9947e-01 +1.1783e+00
3 +2.679432862e+04 +2.679432862e+04 +2.779432862e+04 +2.779432862e+04 +8.8270e-01 +1.0175e+00 +6.8094e-01 +9.3671e-01 +1.7833e+00 +1.8504e+00 +1.3361e+00 +1.6599e+00 +6.0862e-01 +5.9655e-01
6 +1.284780604e+04 +1.284780604e+04 +1.384780604e+04 +1.384780604e+04 +1.7571e+00 +4.3829e-01 +1.8096e+00 +1.9947e+00 +5.1551e-01 +7.3801e-01 +2.1976e-01 +1.1315e+00 +2.2174e-02 +6.7572e-02
% function evaluation | noise-free fitness - Fopt (2.083800000000e+02) | best noise-free fitness - Fopt | measured fitness | best measured fitness | x1 | x2...
1 +4.630671241e+03 +4.630671241e+03 +4.839051241e+03 +4.839051241e+03 +5.7444e-01 +1.7653e-01 +8.3505e-01 +2.5251e-01 +1.0238e-01 +1.3379e+00 +1.3980e+00 +9.9750e-01 +3.6875e-01 +7.9072e-01
9 +3.272636243e+03 +3.272636243e+03 +3.481016243e+03 +3.481016243e+03 +2.8348e-01 +3.6122e-01 +7.6087e-01 +8.7966e-01 +1.7701e+00 +1.6291e+00 +1.3479e+00 +9.6528e-02 +3.6584e-02 +1.2284e+00
35 +2.250350836e+03 +2.250350836e+03 +2.458730836e+03 +2.458730836e+03 +1.6889e+00 +1.5496e+00 +8.3167e-01 +1.7404e-01 +2.3762e-01 +1.5798e-01 +1.3730e+00 +9.2808e-01 +1.0683e-01 +1.1688e+00
60 +1.041791572e+03 +1.041791572e+03 +1.250171572e+03 +1.250171572e+03 +5.6586e-02 +8.9458e-02 +1.2489e+00 +1.3342e+00 +1.8866e+00 +1.1787e-01 +1.2764e+00 +1.8528e+00 +6.5816e-02 +1.2941e+00
% function evaluation | noise-free fitness - Fopt (-1.449600000000e+02) | best noise-free fitness - Fopt | measured fitness | best measured fitness | x1 | x2...
1 +7.039941233e+03 +7.039941233e+03 +6.894981233e+03 +6.894981233e+03 +4.7372e-01 +1.0565e+00 +1.7954e+00 +8.3978e-01 +1.8662e+00 +1.2510e+00 +2.1591e-01 +1.8647e+00 +9.9878e-02 +1.8120e+00
4 +5.620371246e+03 +5.620371246e+03 +5.475411246e+03 +5.475411246e+03 +4.2506e-01 +3.6987e-01 +1.2447e-02 +1.1956e+00 +8.2438e-01 +2.7025e-01 +1.3806e-01 +1.0157e+00 +3.3841e-01 +1.6784e+00
60 +3.402495242e+03 +3.402495242e+03 +3.257535242e+03 +3.257535242e+03 +8.1179e-02 +7.6370e-01 +4.5039e-01 +5.7668e-02 +4.5432e-01 +7.7330e-01 +5.4198e-01 +1.0366e+00 +6.7349e-02 +1.0813e+00
% function evaluation | noise-free fitness - Fopt (-6.300000000000e+00) | best noise-free fitness - Fopt | measured fitness | best measured fitness | x1 | x2...
1 +2.500695583e+04 +2.500695583e+04 +2.500065583e+04 +2.500065583e+04 +5.0216e-01 +1.8304e+00 +1.1102e+00 +1.8837e+00 +1.4889e+00 +7.1574e-01 +8.6095e-01 +1.7125e+00 +2.1480e-02 +2.4948e-01
2 +1.575580930e+04 +1.575580930e+04 +1.574950930e+04 +1.574950930e+04 +2.9987e-01 +7.9710e-01 +5.5017e-01 +1.4740e-01 +1.7911e+00 +4.1401e-01 +1.7518e+00 +1.2993e+00 +2.7309e-01 +4.5722e-01
10 +7.702366999e+03 +7.702366999e+03 +7.696066999e+03 +7.696066999e+03 +7.1270e-01 +8.0550e-01 +9.8223e-01 +2.0378e-01 +1.2915e+00 +3.3788e-01 +1.0747e+00 +8.8498e-01 +7.1006e-01 +1.3728e+00
11 +2.353350354e+03 +2.353350354e+03 +2.347050354e+03 +2.347050354e+03 +2.1162e-01 +7.7865e-01 +1.7247e+00 +1.6409e+00 +2.7851e-01 +9.4868e-02 +1.9503e+00 +5.4343e-02 +3.5018e-01 +1.9324e+00
% function evaluation | noise-free fitness - Fopt (-3.790000000000e+00) | best noise-free fitness - Fopt | measured fitness | best measured fitness | x1 | x2...
1 +3.713656766e+04 +3.713656766e+04 +3.713277766e+04 +3.713277766e+04 +5.5848e-01 +1.4387e+00 +1.8698e+00 +1.2579e+00 +7.6544e-02 +1.2528e+00 +1.6459e+00 +1.4445e+00 +1.8975e+00 +5.6504e-01
7 +1.611882328e+04 +1.611882328e+04 +1.611503328e+04 +1.611503328e+04 +7.0745e-01 +1.8570e+00 +1.2483e+00 +1.7779e+00 +8.5387e-01 +7.9367e-02 +2.8339e-01 +3.6243e-01 +8.8088e-01 +5.2883e-01
% function evaluation | noise-free fitness - Fopt (-5.675000000000e+01) | best noise-free fitness - Fopt | measured fitness | best measured fitness | x1 | x2...
1 +8.071546698e+03 +8.071546698e+03 +8.014796698e+03 +8.014796698e+03 +1.7326e+00 +2.8267e-01 +1.4446e+00 +3.0288e-02 +6.1648e-01 +1.6520e+00 +1.8175e+00 +1.4705e+00 +1.4617e+00 +1.0240e-01
5 +2.740663525e+03 +2.740663525e+03 +2.683913525e+03 +2.683913525e+03 +7.4373e-01 +1.4245e+00 +1.2210e+00 +1.0488e+00 +8.8555e-02 +1.0901e+00 +1.7869e+00 +7.4952e-01 +1.6158e+00 +5.7649e-01
10 +1.277466044e+03 +1.277466044e+03 +1.220716044e+03 +1.220716044e+03 +4.7813e-01 +4.4445e-01 +1.6711e+00 +5.7574e-01 +2.2542e-01 +6.5232e-01 +5.5734e-01 +1.7311e+00 +9.9339e-01 +1.8357e+00
29 +7.670579012e+02 +7.670579012e+02 +7.103079012e+02 +7.103079012e+02 +1.0818e+00 +1.6477e+00 +8.5073e-01 +4.3436e-01 +3.9075e-01 +3.5176e-01 +1.7557e+00 +1.7212e+00 +1.7363e+00 +1.1818e+00
53 +2.736437467e+02 +2.736437467e+02 +2.168937467e+02 +2.168937467e+02 +9.5367e-01 +6.7010e-01 +1.5209e+00 +9.9142e-01 +1.0895e-01 +1.4681e-01 +1.4232e+00 +9.0623e-01 +8.8672e-01 +1.9692e+00
% function evaluation | noise-free fitness - Fopt (-5.980000000000e+01) | best noise-free fitness - Fopt | measured fitness | best measured fitness | x1 | x2...
1 +6.299560623e+03 +6.299560623e+03 +6.239760623e+03 +6.239760623e+03 +2.6803e-02 +1.5445e+00 +6.3737e-01 +6.0260e-01 +5.3099e-01 +7.3356e-02 +1.8886e-01 +4.9615e-01 +2.2932e-01 +6.7837e-01
41 +2.818335590e+03 +2.818335590e+03 +2.758535590e+03 +2.758535590e+03 +5.9630e-01 +5.8446e-01 +6.4174e-01 +1.9215e+00 +9.9393e-01 +1.0704e-01 +1.4209e-01 +1.4040e+00 +4.4293e-02 +1.3954e+00
% function evaluation | noise-free fitness - Fopt (1.155700000000e+02) | best noise-free fitness - Fopt | measured fitness | best measured fitness | x1 | x2...
1 +5.197811685e+03 +5.197811685e+03 +5.313381685e+03 +5.313381685e+03 +3.4960e-01 +9.1279e-01 +3.9914e-01 +7.2221e-01 +1.3360e+00 +1.7364e+00 +5.1077e-01 +5.5172e-01 +1.6854e+00 +2.1812e-01
2 +2.214610098e+03 +2.214610098e+03 +2.330180098e+03 +2.330180098e+03 +1.4374e+00 +2.4380e-01 +1.8043e+00 +1.3968e+00 +1.0295e+00 +5.8461e-01 +9.3918e-01 +4.5621e-01 +4.2965e-01 +5.5445e-01
5 +9.265263727e+02 +9.265263727e+02 +1.042096373e+03 +1.042096373e+03 +7.5925e-01 +8.2961e-01 +1.9905e+00 +1.6093e+00 +8.5374e-01 +6.3074e-01 +4.8064e-01 +1.5188e+00 +1.4275e+00 +8.7567e-01
25 +1.332523520e+02 +1.332523520e+02 +2.488223520e+02 +2.488223520e+02 +1.6879e-01 +9.7330e-01 +8.4863e-01 +8.0381e-01 +1.8471e+00 +2.8337e-01 +3.0752e-01 +1.8309e+00 +7.0039e-01 +1.3968e+00
78 +8.215528245e+01 +8.215528245e+01 +1.977252824e+02 +1.977252824e+02 +1.7356e+00 +4.5219e-01 +1.5377e+00 +4.5611e-01 +2.9532e-01 +1.0343e-01 +1.1708e+00 +5.5701e-01 +1.3355e+00 +1.2719e+00
% function evaluation | noise-free fitness - Fopt (-3.912000000000e+01) | best noise-free fitness - Fopt | measured fitness | best measured fitness | x1 | x2...
1 +3.627735775e+04 +3.627735775e+04 +3.623823775e+04 +3.623823775e+04 +5.8135e-01 +3.6626e-01 +6.7794e-01 +9.0404e-01 +5.9850e-02 +3.9311e-01 +7.1283e-01 +4.6712e-01 +7.1596e-01 +1.6243e+00
7 +1.201880977e+04 +1.201880977e+04 +1.197968977e+04 +1.197968977e+04 +1.8286e+00 +1.3918e-01 +1.3065e+00 +1.4686e+00 +1.5547e+00 +7.0808e-01 +3.5220e-01 +4.3066e-01 +1.9838e+00 +1.1789e-01
% function evaluation | noise-free fitness - Fopt (-8.801000000000e+01) | best noise-free fitness - Fopt | measured fitness | best measured fitness | x1 | x2...
1 +2.143798079e+04 +2.143798079e+04 +2.134997079e+04 +2.134997079e+04 +9.0609e-01 +3.2220e-01 +1.3207e+00 +9.5184e-01 +5.3983e-01 +1.5665e+00 +2.5229e-01 +9.8047e-01 +9.5468e-01 +1.3685e+00
2 +1.216333697e+04 +1.216333697e+04 +1.207532697e+04 +1.207532697e+04 +1.4461e+00 +8.6046e-01 +1.6394e+00 +1.9178e+00 +1.0430e+00 +1.5800e+00 +9.1125e-01 +4.9479e-01 +5.0978e-01 +7.3565e-01
5 +7.511848235e+03 +7.511848235e+03 +7.423838235e+03 +7.423838235e+03 +1.4851e+00 +1.6920e+00 +1.8677e+00 +1.8700e+00 +2.5484e-01 +1.1640e+00 +3.1742e-01 +1.5622e-01 +3.3876e-01 +1.1937e+00
% function evaluation | noise-free fitness - Fopt (7.934000000000e+01) | best noise-free fitness - Fopt | measured fitness | best measured fitness | x1 | x2...
1 +3.597731550e+04 +3.597731550e+04 +3.605665550e+04 +3.605665550e+04 +8.5312e-01 +1.0697e-01 +1.0582e+00 +5.5874e-01 +1.6042e+00 +9.0533e-01 +5.9537e-01 +5.8201e-01 +2.1105e-02 +1.4591e+00
5 +1.100026146e+04 +1.100026146e+04 +1.107960146e+04 +1.107960146e+04 +1.3166e-01 +7.5753e-01 +5.7231e-01 +8.8909e-01 +1.2431e+00 +8.5966e-01 +3.9602e-01 +1.1970e+00 +7.7537e-01 +2.3165e-01
9 +8.153021538e+03 +8.153021538e+03 +8.232361538e+03 +8.232361538e+03 +8.8770e-01 +1.2503e+00 +3.8269e-01 +1.2271e+00 +2.8200e-01 +1.0651e+00 +1.2291e+00 +7.0300e-01 +1.6504e+00 +3.2915e-01
31 +6.128269727e+03 +6.128269727e+03 +6.207609727e+03 +6.207609727e+03 +7.6909e-01 +1.7213e+00 +9.7400e-01 +2.0172e-01 +4.8987e-01 +1.8631e-01 +8.3894e-01 +2.8687e-01 +1.6336e+00 +3.6644e-01
% function evaluation | noise-free fitness - Fopt (1.721800000000e+02) | best noise-free fitness - Fopt | measured fitness | best measured fitness | x1 | x2...
1 +4.182505398e+03 +4.182505398e+03 +4.354685398e+03 +4.354685398e+03 +4.8834e-01 +1.1490e+00 +5.9800e-01 +1.9838e+00 +1.0999e+00 +5.7958e-03 +4.8068e-01 +1.3219e-01 +1.9856e+00 +1.4088e+00
% function evaluation | noise-free fitness - Fopt (-3.181900000000e+02) | best noise-free fitness - Fopt | measured fitness | best measured fitness | x1 | x2...
1 +5.805320506e+04 +5.805320506e+04 +5.773501506e+04 +5.773501506e+04 +1.5518e+00 +1.9888e+00 +1.5846e+00 +1.2834e+00 +6.5866e-02 +1.5262e+00 +1.3055e+00 +1.1561e+00 +1.9109e+00 +1.1588e+00
2 +2.332118841e+04 +2.332118841e+04 +2.300299841e+04 +2.300299841e+04 +3.0162e-01 +6.2281e-01 +1.9130e+00 +1.0489e+00 +8.3222e-01 +2.8413e-01 +1.1667e+00 +6.7762e-01 +5.4365e-01 +1.1584e+00
27 +1.361211405e+04 +1.361211405e+04 +1.329392405e+04 +1.329392405e+04 +1.5671e-01 +1.0265e+00 +1.7021e+00 +6.3387e-01 +1.5258e-01 +2.6846e-01 +6.6894e-01 +2.7470e-01 +2.7743e-01 +6.1833e-01
% function evaluation | noise-free fitness - Fopt (-5.276000000000e+01) | best noise-free fitness - Fopt | measured fitness | best measured fitness | x1 | x2...
1 +5.989712914e+03 +5.989712914e+03 +5.936952914e+03 +5.936952914e+03 +3.4534e-01 +1.2481e+00 +1.4585e-01 +1.4200e+00 +1.2892e-01 +1.0235e+00 +1.7029e+00 +1.1430e+00 +3.3621e-01 +1.3150e+00
11 +3.559532492e+03 +3.559532492e+03 +3.506772492e+03 +3.506772492e+03 +7.2938e-01 +1.2138e+00 +8.9737e-02 +8.4568e-01 +9.5559e-01 +4.9846e-01 +1.9054e+00 +9.4653e-01 +2.7072e-01 +1.2296e+00
