% function evaluation | noise-free fitness - Fopt (6.870000000000e+00) | best noise-free fitness - Fopt | measured fitness | best measured fitness | x1 | x2...
1 +1.070956267e+01 +1.070956267e+01 +1.757956267e+01 +1.757956267e+01 +1.9129e+00 +3.1952e-01 +6.6973e-02 +1.8423e+00 +1.7199e+00 +6.0547e-01 +1.0570e+00 +4.5004e-01 +3.4937e-01 +5.4579e-02
4 +8.785513686e+00 +8.785513686e+00 +1.565551369e+01 +1.565551369e+01 +1.9008e+00 +4.7723e-01 +1.7867e+00 +1.2585e+00 +3.6143e-01 +1.0890e+00 +2.3902e-01 +9.3069e-01 +7.0984e-01 +1.5668e+00
17 +4.731141293e+00 +4.731141293e+00 +1.160114129e+01 +1.160114129e+01 +3.0947e-02 +1.7017e-01 +7.0688e-01 +1.6875e+00 +1.2232e+00 +1.7209e+00 +5.9662e-01 +5.2334e-01 +7.2874e-02 +1.2202e-01
% function evaluation | noise-free fitness - Fopt (1.000000000000e-02) | best noise-free fitness - Fopt | measured fitness | best measured fitness | x1 | x2...
1 +3.262528180e+01 +3.262528180e+01 +3.263528180e+01 +3.263528180e+01 +7.5425e-01 +2.0717e-01 +1.4959e+00 +2.9433e-01 +8.9551e-01 +1.5626e-01 +4.3852e-01 +1.6620e+00 +6.4358e-01 +6.7670e-01
2 +1.207211135e+01 +1.207211135e+01 +1.208211135e+01 +1.208211135e+01 +7.5498e-01 +1.9656e+00 +1.7577e+00 +1.6965e-01 +4.2136e-01 +9.8820e-01 +1.0863e+00 +5.0404e-01 +7.3189e-01 +1.0744e+00
6 +8.871149986e+00 +8.871149986e+00 +8.881149986e+00 +8.881149986e+00 +3.1729e-01 +1.5861e+00 +1.8024e+00 +6.4037e-01 +1.4784e+00 +1.3823e+00 +1.9087e+00 +8.4134e-01 +1.7856e+00 +5.7089e-01
27 +4.634907334e+00 +4.634907334e+00 +4.644907334e+00 +4.644907334e+00 +1.1427e+00 +1.8985e+00 +8.4592e-01 +1.0654e+00 +1.1841e+00 +7.8298e-01 +1.6482e+00 +1.5894e+00 +1.4107e+00 +1.5295e+00
% function evaluation | noise-free fitness - Fopt (-1.306100000000e+02) | best noise-free fitness - Fopt | measured fitness | best measured fitness | x1 | x2...
1 +1.746932107e+01 +1.746932107e+01 -1.131406789e+02 -1.131406789e+02 +1.5995e+00 +5.0842e-01 +1.2001e+00 +9.0787e-01 +4.9190e-01 +1.7574e+00 +7.4846e-02 +1.7212e+00 +1.8695e+00 +9.4346e-01
3 +1.161429193e+01 +1.161429193e+01 -1.189957081e+02 -1.189957081e+02 +1.3275e+00 +4.6336e-01 +7.3617e-01 +1.7061e+00 +1.1100e+00 +7.2100e-03 +1.4431e+00 +8.9324e-01 +1.1237e+00 +1.4602e+00
4 +8.384442944e+00 +8.384442944e+00 -1.222255571e+02 -1.222255571e+02 +1.7700e+00 +8.6597e-01 +1.0076e-01 +6.9562e-01 +1.0940e+00 +1.7066e+00 +2.4139e-01 +4.4572e-01 +1.9374e+00 +1.4059e+00
11 +5.989051559e+00 +5.989051559e+00 -1.246209484e+02 -1.246209484e+02 +5.6158e-01 +9.5999e-01 +5.7773e-02 +4.1325e-01 +1.1069e+00 +5.8254e-01 +1.3020e+00 +1.9544e+00 +1.4253e+00 +8.2916e-01
66 +3.440322306e+00 +3.440322306e+00 -1.271696777e+02 -1.271696777e+02 +1.0872e+00 +1.1873e+00 +2.5165e-01 +1.5071e+00 +3.8427e-01 +1.5068e+00 +1.2479e+00 +2.4522e-01 +3.6155e-01 +1.3022e+00
% function evaluation | noise-free fitness - Fopt (-2.231200000000e+02) | best noise-free fitness - Fopt | measured fitness | best measured fitness | x1 | x2...
1 +2.075437559e+01 +2.075437559e+01 -2.023656244e+02 -2.023656244e+02 +7.5266e-01 +1.0748e+00 +1.9464e+00 +1.0588e+00 +9.1429e-01 +1.8745e-02 +1.2231e+00 +6.8262e-01 +9.1325e-01 +1.3712e+00
3 +1.336953012e+01 +1.336953012e+01 -2.097504699e+02 -2.097504699e+02 +2.7555e-01 +3.2480e-01 +3.1209e-01 +1.7378e+00 +1.5784e+00 +1.5027e+00 +1.5704e+00 +1.4767e+00 +6.1980e-01 +1.7069e+00
6 +9.703932916e+00 +9.703932916e+00 -2.134160671e+02 -2.134160671e+02 +1.5460e+00 +6.9981e-01 +1.4800e+00 +7.6142e-01 +3.3253e-01 +1.3192e+00 +1.2973e+00 +8.8830e-01 +1.9895e+00 +1.6667e+00
25 +5.807446942e+00 +5.807446942e+00 -2.173125531e+02 -2.173125531e+02 +9.4696e-01 +9.8343e-01 +1.3622e+00 +5.7268e-01 +1.5914e+00 +8.7200e-01 +1.5719e+00 +1.3337e+00 +1.0904e+00 +1.3928e+00
% function evaluation | noise-free fitness - Fopt (-4.443000000000e+01) | best noise-free fitness - Fopt | measured fitness | best measured fitness | x1 | x2...
1 +1.474273179e+01 +1.474273179e+01 -2.968726821e+01 -2.968726821e+01 +1.7753e-01 +1.1449e+00 +1.9852e+00 +3.9118e-01 +1.9277e+00 +3.7736e-01 +1.3613e+00 +1.4761e+00 +1.8502e+00 +1.5227e+00
9 +9.465591182e+00 +9.465591182e+00 -3.496440882e+01 -3.496440882e+01 +1.1134e+00 +2.9573e-01 +3.3039e-01 +3.2887e-01 +1.3776e+00 +9.4646e-01 +5.9217e-01 +6.6584e-02 +1.8934e+00 +1.6450e+00
19 +5.165851806e+00 +5.165851806e+00 -3.926414819e+01 -3.926414819e+01 +8.8464e-02 +1.9204e+00 +4.9838e-01 +4.2191e-01 +2.1760e-01 +1.8258e+00 +6.1389e-02 +1.7520e+00 +1.7395e+00 +8.2531e-01
% function evaluation | noise-free fitness - Fopt (1.994000000000e+01) | best noise-free fitness - Fopt | measured fitness | best measured fitness | x1 | x2...
1 +1.696559724e+01 +1.696559724e+01 +3.690559724e+01 +3.690559724e+01 +3.6754e-01 +9.7132e-01 +1.7175e+00 +1.2449e+00 +9.9123e-01 +1.5834e+00 +7.1424e-01 +4.4183e-01 +1.4974e+00 +1.6552e+00
4 +1.130344329e+01 +1.130344329e+01 +3.124344329e+01 +3.124344329e+01 +1.6656e+00 +1.3462e+00 +1.1801e+00 +7.8289e-01 +1.8316e-01 +1.3933e+00 +8.5291e-01 +3.2267e-01 +4.1385e-01 +1.0813e-01
13 +8.906152709e+00 +8.906152709e+00 +2.884615271e+01 +2.884615271e+01 +1.5649e+00 +1.7153e+00 +8.0099e-01 +6.2193e-01 +1.5111e+00 +1.8697e+00 +6.3519e-01 +5.5458e-01 +5.6408e-01 +6.5514e-02
51 +2.452068292e+00 +2.452068292e+00 +2.239206829e+01 +2.239206829e+01 +1.9801e+00 +1.2843e+00 +6.5040e-01 +1.1454e+00 +6.6041e-01 +9.2754e-02 +8.2362e-02 +1.3898e+00 +4.0905e-01 +5.5835e-01
% function evaluation | noise-free fitness - Fopt (2.047400000000e+02) | best noise-free fitness - Fopt | measured fitness | best measured fitness | x1 | x2...
1 +1.257738340e+01 +1.257738340e+01 +2.173173834e+02 +2.173173834e+02 +9.5914e-01 +1.0396e+00 +1.1332e+00 +1.8893e+00 +1.6892e+00 +1.1623e+00 +5.3918e-01 +1.2835e+00 +1.9661e+00 +1.6156e+00
2 +7.046219509e+00 +7.046219509e+00 +2.117862195e+02 +2.117862195e+02 +1.8718e+00 +1.9412e+00 +7.1539e-01 +2.6140e-01 +1.7858e+00 +1.1458e+00 +7.4934e-02 +8.8148e-01 +1.3956e+00 +1.0818e+00
26 +2.014039077e+00 +2.014039077e+00 +2.067540391e+02 +2.067540391e+02 +1.4895e+00 +1.2964e+00 +4.6634e-01 +1.3325e+00 +1.6404e+00 +4.1265e-03 +2.1296e-01 +4.2633e-01 +2.8166e-01 +2.5572e-01
% function evaluation | noise-free fitness - Fopt (-3.887700000000e+02) | best noise-free fitness - Fopt | measured fitness | best measured fitness | x1 | x2...
1 +9.142414982e+00 +9.142414982e+00 -3.796275850e+02 -3.796275850e+02 +5.1172e-01 +1.4829e+00 +4.7791e-01 +1.1387e+00 +2.1234e-01 +1.6116e+00 +1.1405e+00 +5.6474e-01 +3.2354e-01 +1.1672e+00
13 +2.239437645e+00 +2.239437645e+00 -3.865305624e+02 -3.865305624e+02 +1.3166e+00 +1.6828e-01 +1.1417e+00 +7.7857e-01 +1.4069e+00 +1.5341e+00 +4.5444e-01 +1.5478e+00 +2.8661e-01 +1.2284e+00
% function evaluation | noise-free fitness - Fopt (-1.918000000000e+01) | best noise-free fitness - Fopt | measured fitness | best measured fitness | x1 | x2...
1 +1.555012664e+01 +1.555012664e+01 -3.629873358e+00 -3.629873358e+00 +3.0163e-01 +1.2695e+00 +7.1730e-01 +1.5629e+00 +1.8216e+00 +1.9126e+00 +1.7675e+00 +7.0388e-01 +6.4133e-02 +2.0889e-02
5 +8.781181779e+00 +8.781181779e+00 -1.039881822e+01 -1.039881822e+01 +1.0488e+00 +1.6245e+00 +1.5078e+00 +5.3276e-01 +5.8319e-02 +7.8608e-01 +4.3395e-01 +1.2096e-01 +4.3215e-01 +1.4143e+00
17 +2.860866892e+00 +2.860866892e+00 -1.631913311e+01 -1.631913311e+01 +1.3796e+00 +8.3002e-01 +1.2390e+00 +2.4330e-01 +1.4629e+00 +1.3226e+00 +1.7791e+00 +7.4531e-01 +4.7263e-01 +9.1414e-01
% function evaluation | noise-free fitness - Fopt (-3.724500000000e+02) | best noise-free fitness - Fopt | measured fitness | best measured fitness | x1 | x2...
1 +5.708324694e+00 +5.708324694e+00 -3.667416753e+02 -3.667416753e+02 +6.0257e-01 +8.2536e-01 +1.6742e+00 +1.4698e+00 +7.0606e-01 +5.5642e-01 +3.9286e-01 +7.1806e-01 +1.8171e+00 +9.1550e-01
% function evaluation | noise-free fitness - Fopt (8.450000000000e+00) | best noise-free fitness - Fopt | measured fitness | best measured fitness | x1 | x2...
1 +4.813547494e+00 +4.813547494e+00 +1.326354749e+01 +1.326354749e+01 +1.8695e+00 +8.5614e-01 +1.6454e-01 +9.5545e-01 +1.0755e+00 +1.0972e+00 +6.2054e-01 +1.7632e+00 +1.5128e+00 +1.3681e+00
% function evaluation | noise-free fitness - Fopt (1.184000000000e+01) | best noise-free fitness - Fopt | measured fitness | best measured fitness | x1 | x2...
1 +1.260251621e+01 +1.260251621e+01 +2.444251621e+01 +2.444251621e+01 +1.8036e+00 +9.7957e-02 +9.9988e-01 +2.8514e-01 +1.6004e+00 +8.1044e-01 +3.4080e-01 +1.5367e+00 +1.8168e+00 +3.8340e-01
18 +7.297662730e+00 +7.297662730e+00 +1.913766273e+01 +1.913766273e+01 +8.7250e-01 +5.6662e-01 +1.0321e+00 +9.7705e-01 +1.4055e+00 +1.6495e+00 +1.6435e+00 +8.7952e-01 +1.8454e+00 +3.4325e-01
22 +5.509101016e+00 +5.509101016e+00 +1.734910102e+01 +1.734910102e+01 +5.7172e-01 +9.1829e-01 +1.0410e+00 +1.1532e+00 +1.3454e-01 +9.6519e-02 +1.3511e+00 +7.7965e-01 +1.2112e+00 +1.9897e+00
40 +3.843596679e+00 +3.843596679e+00 +1.568359668e+01 +1.568359668e+01 +7.3905e-01 +2.7041e-01 +7.0277e-01 +9.7156e-01 +1.4844e+00 +1.4560e+00 +1.3408e+00 +1.1285e+00 +9.4123e-01 +1.7937e+00
% function evaluation | noise-free fitness - Fopt (1.581200000000e+02) | best noise-free fitness - Fopt | measured fitness | best measured fitness | x1 | x2...
1 +1.835541075e+01 +1.835541075e+01 +1.764754108e+02 +1.764754108e+02 +1.4728e+00 +6.3947e-01 +1.1615e+00 +1.7039e+00 +1.0617e+00 +1.9310e-01 +1.8593e+00 +1.6789e+00 +1.1676e+00 +2.1644e-01
3 +9.217561763e+00 +9.217561763e+00 +1.673375618e+02 +1.673375618e+02 +3.2762e-01 +1.3879e+00 +3.4824e-01 +2.9240e-01 +1.1682e-01 +1.1474e+00 +7.6232e-01 +6.9869e-01 +1.9881e+00 +2.2819e-01
8 +3.397547601e+00 +3.397547601e+00 +1.615175476e+02 +1.615175476e+02 +1.6262e+00 +1.2017e+00 +1.4214e-01 +1.6727e+00 +2.0309e-03 +1.3651e+00 +1.3572e-01 +2.8845e-02 +1.6329e+00 +9.8417e-01
% function evaluation | noise-free fitness - Fopt (-1.021200000000e+02) | best noise-free fitness - Fopt | measured fitness | best measured fitness | x1 | x2...
1 +1.037392477e+01 +1.037392477e+01 -9.174607523e+01 -9.174607523e+01 +8.0243e-01 +5.0718e-01 +4.6976e-01 +5.4146e-01 +6.4181e-01 +1.2582e+00 +1.1612e-01 +8.6379e-03 +1.8466e+00 +6.0578e-01
11 +9.026484252e+00 +9.026484252e+00 -9.309351575e+01 -9.309351575e+01 +1.3645e+00 +1.2100e+00 +3.3895e-01 +1.6877e+00 +8.1303e-01 +1.3290e+00 +1.8950e+00 +5.0191e-01 +1.6991e+00 +4.5131e-01
49 +3.598771466e+00 +3.598771466e+00 -9.852122853e+01 -9.852122853e+01 +4.4008e-02 +1.2815e-01 +4.5211e-01 +1.7439e+00 +1.8324e+00 +8.4605e-01 +1.0919e+00 +2.5940e-02 +2.3070e-01 +6.2511e-01
% function evaluation | noise-free fitness - Fopt (-8.798000000000e+01) | best noise-free fitness - Fopt | measured fitness | best measured fitness | x1 | x2...
1 +6.482044598e+00 +6.482044598e+00 -8.149795540e+01 -8.149795540e+01 +1.2755e+00 +1.3810e+00 +2.4838e-01 +1.9733e+00 +4.2980e-01 +1.4069e+00 +6.7779e-01 +8.8538e-02 +1.0675e+00 +1.6883e-01
26 +5.942779762e+00 +5.942779762e+00 -8.203722024e+01 -8.203722024e+01 +1.8867e-01 +1.7508e+00 +1.9409e+00 +3.5635e-01 +1.1538e+00 +9.4301e-01 +1.2754e+00 +1.9953e+00 +1.3345e+00 +1.3686e+00
31 +1.872559484e+00 +1.872559484e+00 -8.610744052e+01 -8.610744052e+01 +1.1877e-01 +3.7105e-01 +3.7996e-01 +9.8339e-01 +2.9445e-01 +5.8510e-01 +2.2263e-01 +1.0308e+00 +1.8350e-01 +1.1050e+00
