% function evaluation | noise-free fitness - Fopt (-1.694000000000e+01) | best noise-free fitness - Fopt | measured fitness | best measured fitness | x1 | x2...
1 +1.412266631e+02 +1.412266631e+02 +1.242866631e+02 +1.242866631e+02 +4.9331e-01 +1.0177e+00 +1.6862e+00 +1.0697e+00 +9.4837e-02 +8.1337e-01 +1.3841e+00 +6.3828e-01 +1.0727e+00 +8.2754e-01 +6.5834e-01 +1.2870e+00 +6.6898e-01 +2.6316e-01 +1.2369e-01 +5.3906e-01 +5.0074e-01 +7.5276e-01 +8.0997e-01 +1.3186e+00
3 +7.656988206e+01 +7.656988206e+01 +5.962988206e+01 +5.962988206e+01 +5.0499e-01 +1.3145e+00 +3.1395e-01 +7.9779e-01 +1.8147e+00 +2.3385e-02 +1.7696e-01 +4.6395e-01 +1.7677e+00 +2.6020e-01 +1.9978e+00 +6.3478e-01 +2.2863e-01 +1.6152e-01 +1.3870e+00 +4.3564e-01 +8.1986e-01 +7.6277e-01 +1.7493e+00 +1.5218e+00
87 +6.022494090e+01 +6.022494090e+01 +4.328494090e+01 +4.328494090e+01 +1.2703e+00 +1.8501e+00 +8.3466e-01 +1.4899e+00 +1.4818e+00 +1.9585e+00 +1.3687e+00 +1.3214e-01 +1.9644e+00 +4.2995e-01 +1.2637e+00 +1.5209e+00 +3.2946e-01 +1.1716e+00 +9.9776e-01 +1.1582e+00 +1.9644e+00 +1.5806e+00 +7.7818e-01 +8.3319e-01
% function evaluation | noise-free fitness - Fopt (1.881000000000e+01) | best noise-free fitness - Fopt | measured fitness | best measured fitness | x1 | x2...
1 +7.801201057e+01 +7.801201057e+01 +9.682201057e+01 +9.682201057e+01 +1.1490e+00 +1.2934e+00 +1.3948e+00 +6.0503e-01 +8.6839e-01 +1.2702e+00 +1.1352e+00 +1.0951e+00 +1.9955e+00 +9.8088e-01 +1.0875e+00 +3.0671e-01 +7.4681e-01 +1.1617e+00 +1.7099e+00 +4.6997e-02 +6.0983e-01 +1.1843e+00 +7.0330e-01 +2.4133e-01
3 +5.299506460e+01 +5.299506460e+01 +7.180506460e+01 +7.180506460e+01 +2.9288e-01 +1.4725e+00 +7.3644e-01 +1.9382e+00 +5.0049e-01 +1.4404e-01 +8.4072e-01 +1.5368e-01 +4.8432e-01 +2.8478e-01 +1.5684e+00 +1.8530e+00 +3.4569e-01 +1.6354e+00 +1.2739e+00 +6.7503e-01 +2.7715e-01 +3.4818e-01 +5.1023e-01 +5.9134e-01
39 +3.731356605e+01 +3.731356605e+01 +5.612356605e+01 +5.612356605e+01 +4.3043e-01 +1.2144e-01 +5.1364e-01 +8.6557e-01 +1.0319e+00 +3.0335e-01 +1.3351e+00 +4.0563e-01 +4.6182e-01 +2.8975e-01 +1.9117e+00 +1.4347e+00 +1.4313e+00 +1.1601e+00 +4.1596e-01 +1.5255e+00 +4.4702e-01 +3.4923e-03 +1.0477e+00 +7.7963e-01
% function evaluation | noise-free fitness - Fopt (2.731500000000e+02) | best noise-free fitness - Fopt | measured fitness | best measured fitness | x1 | x2...
1 +3.218701741e+02 +3.218701741e+02 +5.950201741e+02 +5.950201741e+02 +1.9938e+00 +3.9725e-01 +7.7980e-01 +1.1320e+00 +1.1438e+00 +1.3611e+00 +4.2694e-01 +5.3525e-01 +6.5588e-01 +1.0123e+00 +1.1176e+00 +1.2797e+00 +1.4246e+00 +1.8803e+00 +1.8974e-01 +5.3055e-01 +6.5472e-01 +1.3424e+00 +1.5289e+00 +9.3812e-01
3 +2.308691898e+02 +2.308691898e+02 +5.040191898e+02 +5.040191898e+02 +1.0511e+00 +1.5920e+00 +8.2982e-01 +7.4523e-01 +8.5335e-01 +4.7689e-01 +1.6250e+00 +7.3460e-01 +3.0405e-01 +1.6312e+00 +1.2861e+00 +1.0694e+00 +3.8741e-01 +7.4303e-01 +1.8673e+00 +1.5172e+00 +1.5496e+00 +9.9225e-01 +4.7105e-01 +7.3395e-01
120 +1.553289890e+02 +1.553289890e+02 +4.284789890e+02 +4.284789890e+02 +2.6134e-01 +1.4323e+00 +1.2695e+00 +6.4218e-01 +4.5072e-01 +1.3525e+00 +3.8219e-01 +1.8300e-01 +1.2800e+00 +1.9449e+00 +8.9155e-01 +1.6702e+00 +5.2233e-01 +1.3615e-01 +1.4331e+00 +1.8799e-01 +1.1480e+00 +1.8535e+00 +5.7181e-01 +3.8300e-02
% function evaluation | noise-free fitness - Fopt (3.718000000000e+01) | best noise-free fitness - Fopt | measured fitness | best measured fitness | x1 | x2...
1 +5.829967364e+01 +5.829967364e+01 +9.547967364e+01 +9.547967364e+01 +1.2127e+00 +8.2057e-01 +1.2646e+00 +1.5952e+00 +2.8805e-01 +7.1597e-01 +1.1748e+00 +1.0282e+00 +6.8723e-01 +1.2929e+00 +4.8113e-01 +3.0006e-01 +3.0874e-02 +4.2223e-01 +1.6292e+00 +6.8265e-01 +8.5075e-01 +1.1748e-01 +1.8226e+00 +1.3450e+00
31 +3.966486036e+01 +3.966486036e+01 +7.684486036e+01 +7.684486036e+01 +2.8098e-02 +7.5127e-01 +9.9109e-01 +1.5173e+00 +1.3574e+00 +3.4634e-01 +2.4681e-02 +1.4449e+00 +1.7011e+00 +1.8473e+00 +5.4928e-01 +5.0223e-01 +6.7808e-01 +1.6828e+00 +1.8426e+00 +1.0635e+00 +3.7662e-01 +1.9923e-01 +1.5006e-01 +2.2421e-01
% function evaluation | noise-free fitness - Fopt (-1.479000000000e+02) | best noise-free fitness - Fopt | measured fitness | best measured fitness | x1 | x2...
1 +4.711623870e+01 +4.711623870e+01 -1.007837613e+02 -1.007837613e+02 +1.8544e+00 +8.0691e-01 +1.5366e+00 +9.3586e-01 +2.6299e-01 +1.0795e-01 +1.2227e+00 +4.5485e-01 +8.7490e-02 +7.8164e-01 +7.2829e-01 +8.8483e-02 +7.1068e-01 +1.5155e+00 +3.7401e-01 +1.4683e+00 +1.2067e+00 +1.2839e+00 +2.1854e-01 +1.3479e+00
% function evaluation | noise-free fitness - Fopt (1.162600000000e+02) | best noise-free fitness - Fopt | measured fitness | best measured fitness | x1 | x2...
1 +1.185118977e+02 +1.185118977e+02 +2.347718977e+02 +2.347718977e+02 +3.1609e-01 +4.7879e-01 +1.5154e-01 +9.8922e-01 +1.3719e+00 +1.9797e-01 +3.9201e-01 +1.7727e+00 +1.8648e+00 +9.5662e-02 +1.1270e-01 +7.2277e-01 +4.4140e-01 +5.3066e-01 +8.6158e-01 +1.0203e-01 +1.6414e+00 +1.8238e+00 +3.1602e-01 +1.5262e+00
3 +9.363292623e+01 +9.363292623e+01 +2.098929262e+02 +2.098929262e+02 +9.9024e-01 +1.1257e+00 +6.7056e-01 +9.5342e-01 +7.4552e-01 +1.3423e+00 +1.2713e+00 +2.6839e-01 +3.4988e-01 +1.2896e+00 +1.1702e+00 +4.8504e-01 +1.1586e+00 +1.2641e+00 +9.9437e-01 +1.1157e+00 +3.4721e-01 +1.2533e+00 +1.4653e+00 +4.8226e-02
% function evaluation | noise-free fitness - Fopt (-1.000000000000e+03) | best noise-free fitness - Fopt | measured fitness | best measured fitness | x1 | x2...
1 +5.670868576e+01 +5.670868576e+01 -9.432913142e+02 -9.432913142e+02 +1.3255e-01 +1.8392e-01 +3.5844e-01 +1.6198e+00 +1.2625e+00 +9.9136e-01 +3.1976e-01 +5.0486e-01 +3.0030e-01 +1.6353e+00 +1.4370e+00 +1.8409e+00 +1.1237e+00 +4.4782e-03 +1.8218e+00 +5.9139e-01 +1.2976e+00 +5.1909e-01 +1.8663e+00 +9.8710e-01
56 +3.559517680e+01 +3.559517680e+01 -9.644048232e+02 -9.644048232e+02 +1.8186e+00 +4.7350e-01 +1.5442e+00 +1.7826e+00 +6.4147e-01 +1.3675e+00 +7.0132e-01 +3.2467e-02 +4.2198e-01 +4.4625e-01 +1.1568e+00 +1.5107e+00 +1.2468e+00 +1.4370e+00 +1.4544e+00 +1.0052e-01 +1.0568e+00 +7.5119e-01 +1.9365e+00 +1.3667e+00
% function evaluation | noise-free fitness - Fopt (-9.193000000000e+01) | best noise-free fitness - Fopt | measured fitness | best measured fitness | x1 | x2...
1 +1.759559266e+02 +1.759559266e+02 +8.402592659e+01 +8.402592659e+01 +1.4259e+00 +1.1689e+00 +1.9121e+00 +9.9583e-01 +1.9797e+00 +1.6437e+00 +2.7952e-01 +1.1785e+00 +5.3084e-01 +1.3181e+00 +1.6784e+00 +7.2923e-01 +1.4227e+00 +4.5733e-01 +1.8220e+00 +1.7468e+00 +1.3250e+00 +1.3681e+00 +3.4232e-01 +1.3337e+00
2 +1.339804131e+02 +1.339804131e+02 +4.205041306e+01 +4.205041306e+01 +7.7840e-02 +1.2129e+00 +1.8378e+00 +1.9956e+00 +2.0798e-01 +1.9910e+00 +1.0268e+00 +7.8678e-01 +6.4966e-01 +8.8207e-01 +1.2338e+00 +3.8439e-02 +2.6645e-01 +1.2730e+00 +1.9392e+00 +1.3706e-01 +1.6833e+00 +1.6440e+00 +7.4094e-01 +1.5215e+00
5 +9.899216976e+01 +9.899216976e+01 +7.062169759e+00 +7.062169759e+00 +1.3837e+00 +8.5261e-01 +1.2318e+00 +1.3391e+00 +1.8765e+00 +1.2896e+00 +1.6089e+00 +5.3270e-01 +1.8293e+00 +3.2127e-01 +1.3482e+00 +9.3840e-01 +1.6444e+00 +1.5976e+00 +2.3478e-01 +1.8601e+00 +1.1221e+00 +1.9749e+00 +8.0801e-01 +7.3443e-01
% function evaluation | noise-free fitness - Fopt (1.487500000000e+02) | best noise-free fitness - Fopt | measured fitness | best measured fitness | x1 | x2...
1 +1.424385473e+02 +1.424385473e+02 +2.911885473e+02 +2.911885473e+02 +1.8290e+00 +1.7025e-01 +1.6102e+00 +3.6023e-03 +7.2720e-01 +4.7406e-01 +1.0893e+00 +9.9575e-01 +1.5574e+00 +3.4154e-01 +1.7950e+00 +1.4095e+00 +8.0666e-01 +1.7379e-01 +8.4143e-01 +1.4554e+00 +1.1024e+00 +1.8660e+00 +7.2135e-01 +9.2263e-01
3 +8.493011822e+01 +8.493011822e+01 +2.336801182e+02 +2.336801182e+02 +1.2504e+00 +1.9224e+00 +1.7856e-01 +6.9065e-01 +1.5616e+00 +7.4115e-01 +9.6496e-01 +1.1765e+00 +1.5741e+00 +1.9775e+00 +6.1596e-01 +3.7138e-01 +1.8424e+00 +1.8718e+00 +5.5694e-01 +6.6778e-01 +1.4725e+00 +1.0085e+00 +3.8856e-01 +7.7567e-01
17 +6.040510012e+01 +6.040510012e+01 +2.091551001e+02 +2.091551001e+02 +1.6618e+00 +5.9425e-01 +2.4086e-01 +1.8973e+00 +6.3925e-01 +1.4959e+00 +1.4788e+00 +1.3397e+00 +6.8860e-01 +1.2031e+00 +1.1756e+00 +4.5411e-01 +1.8586e+00 +1.1385e+00 +1.6336e+00 +1.1691e+00 +7.3945e-01 +6.8062e-01 +1.6777e+00 +1.5642e-01
% function evaluation | noise-free fitness - Fopt (-1.483000000000e+02) | best noise-free fitness - Fopt | measured fitness | best measured fitness | x1 | x2...
1 +8.799478727e+01 +8.799478727e+01 -6.030521273e+01 -6.030521273e+01 +7.4869e-02 +1.5567e+00 +7.7224e-01 +8.3425e-01 +1.4291e+00 +1.5508e+00 +1.5527e+00 +4.8220e-02 +4.0765e-01 +5.1330e-01 +2.2677e-01 +4.3871e-01 +1.4193e+00 +1.0998e+00 +7.2025e-02 +2.6073e-01 +1.7630e+00 +1.2727e+00 +1.1348e+00 +1.0193e+00
6 +5.520598356e+01 +5.520598356e+01 -9.309401644e+01 -9.309401644e+01 +4.8683e-01 +1.0765e+00 +1.5779e-01 +9.1977e-01 +8.6436e-01 +1.5696e+00 +8.7451e-01 +1.9633e+00 +1.0475e+00 +9.5246e-01 +8.3578e-02 +2.7824e-01 +8.6016e-01 +5.5738e-01 +6.1145e-01 +7.3089e-01 +1.1597e+00 +3.5664e-01 +1.5440e+00 +1.0655e-01
% function evaluation | noise-free fitness - Fopt (1.702000000000e+01) | best noise-free fitness - Fopt | measured fitness | best measured fitness | x1 | x2...
1 +1.160103907e+02 +1.160103907e+02 +1.330303907e+02 +1.330303907e+02 +1.0472e+00 +8.2964e-01 +1.2136e+00 +1.6614e+00 +9.2935e-02 +1.7755e+00 +1.8411e+00 +1.2930e+00 +1.5790e+00 +7.5247e-01 +8.0565e-02 +7.8844e-01 +1.5070e+00 +5.5922e-01 +1.9345e+00 +2.8890e-01 +6.2061e-01 +1.5821e+00 +7.7821e-01 +1.5227e+00
2 +5.230126482e+01 +5.230126482e+01 +6.932126482e+01 +6.932126482e+01 +9.2859e-01 +7.7286e-02 +1.1105e+00 +9.2770e-01 +1.7295e+00 +2.5196e-01 +9.8208e-01 +6.6399e-01 +5.4093e-01 +8.2276e-01 +7.4790e-01 +1.8702e+00 +9.2942e-01 +1.1942e+00 +9.1972e-01 +1.9216e+00 +1.9206e+00 +7.0545e-01 +1.1533e+00 +6.9598e-01
% function evaluation | noise-free fitness - Fopt (-2.202000000000e+02) | best noise-free fitness - Fopt | measured fitness | best measured fitness | x1 | x2...
1 +7.453458493e+01 +7.453458493e+01 -1.456654151e+02 -1.456654151e+02 +6.3900e-01 +4.7986e-01 +1.4123e+00 +4.6217e-01 +5.0843e-01 +1.2939e+00 +1.9374e+00 +1.3107e+00 +7.1354e-01 +1.6178e+00 +1.4288e+00 +4.9597e-01 +1.0438e+00 +1.0039e-01 +2.8148e-01 +2.6436e-01 +1.2531e+00 +1.8691e+00 +1.6444e+00 +8.6836e-01
5 +3.989656577e+01 +3.989656577e+01 -1.803034342e+02 -1.803034342e+02 +1.0772e+00 +1.7955e+00 +8.1085e-01 +1.6665e+00 +3.9435e-01 +1.1299e+00 +7.7057e-01 +8.7067e-02 +8.5646e-01 +1.0499e+00 +1.7758e+00 +7.2551e-01 +2.8561e-01 +1.3352e+00 +1.8182e+00 +1.6183e-01 +1.4879e+00 +1.2942e+00 +4.0619e-01 +1.1617e+00
% function evaluation | noise-free fitness - Fopt (-2.041000000000e+01) | best noise-free fitness - Fopt | measured fitness | best measured fitness | x1 | x2...
1 +6.189785118e+01 +6.189785118e+01 +4.148785118e+01 +4.148785118e+01 +1.5169e-01 +9.4107e-02 +1.4901e+00 +1.4791e+00 +6.7929e-01 +1.7958e+00 +1.3025e+00 +1.7398e+00 +1.2915e+00 +7.0956e-01 +1.9094e-01 +1.1834e+00 +2.3744e-01 +8.3336e-02 +8.8879e-01 +1.2120e+00 +1.9118e+00 +1.6674e+00 +2.7756e-01 +4.2954e-01
131 +3.969126363e+01 +3.969126363e+01 +1.928126363e+01 +1.928126363e+01 +8.6109e-01 +3.7157e-01 +2.9702e-02 +8.0187e-01 +4.5868e-01 +3.0450e-02 +1.0696e+00 +4.3315e-01 +1.9931e+00 +1.3478e+00 +1.3792e+00 +1.4021e+00 +5.1243e-02 +1.8517e+00 +1.9389e+00 +7.2433e-02 +1.6089e+00 +7.2919e-01 +3.7461e-01 +9.2816e-01
% function evaluation | noise-free fitness - Fopt (6.081000000000e+01) | best noise-free fitness - Fopt | measured fitness | best measured fitness | x1 | x2...
1 +6.700235637e+01 +6.700235637e+01 +1.278123564e+02 +1.278123564e+02 +1.1672e+00 +1.0330e+00 +1.9777e+00 +1.6917e+00 +5.1987e-02 +1.3216e+00 +7.8395e-01 +1.7169e+00 +1.4369e+00 +1.1350e+00 +9.7763e-01 +5.1044e-01 +6.6351e-01 +8.3221e-01 +1.0170e+00 +4.0587e-01 +1.6106e+00 +5.2762e-02 +1.2150e+00 +1.2870e+00
5 +5.337780941e+01 +5.337780941e+01 +1.141878094e+02 +1.141878094e+02 +8.2185e-01 +1.6360e+00 +1.8615e+00 +3.6223e-03 +8.5768e-01 +1.9969e-01 +2.9210e-01 +1.5277e+00 +1.2214e+00 +8.0980e-01 +1.5938e+00 +1.4413e-01 +5.1735e-01 +1.2540e+00 +1.4584e+00 +1.8698e+00 +7.0785e-01 +1.4945e+00 +8.8541e-03 +1.7103e+00
% function evaluation | noise-free fitness - Fopt (-6.176300000000e+02) | best noise-free fitness - Fopt | measured fitness | best measured fitness | x1 | x2...
1 +1.369574894e+02 +1.369574894e+02 -4.806725106e+02 -4.806725106e+02 +7.1539e-01 +1.6265e+00 +3.9424e-01 +1.7397e+00 +5.5773e-01 +5.2300e-01 +5.1464e-01 +1.7202e+00 +1.9665e+00 +8.3524e-01 +1.0960e+00 +1.5230e+00 +5.9469e-01 +6.4473e-02 +1.8810e+00 +3.5951e-01 +1.6965e+00 +7.0112e-01 +1.9299e+00 +1.9550e+00
173 +9.900223203e+01 +9.900223203e+01 -5.186277680e+02 -5.186277680e+02 +1.2949e+00 +1.2072e+00 +5.9087e-01 +4.8199e-01 +1.4084e+00 +5.6988e-01 +1.8171e+00 +1.3126e+00 +3.6309e-01 +6.5823e-01 +9.8804e-01 +1.5385e+00 +1.0265e+00 +1.6596e+00 +9.1380e-01 +1.7356e+00 +1.1687e+00 +1.9693e+00 +1.1358e+00 +1.4811e-01
